128,371
