628,38
